2000
200000000
200000000
200000000
600000000
600000000
600000000
800000000
900000000
1000000000
1100000000
1200000000
1300000000
1400000000
1500000000
1600000000
1700000000
1800000000
1900000000
2000000000
2100000000
2200000000
2300000000
2400000000
2500000000
2600000000
2700000000
2800000000
2900000000
3000000000
3100000000
3200000000
3300000000
3400000000
3500000000
3600000000
3700000000
3800000000
3900000000
4000000000
4100000000
4200000000
4300000000
4400000000
4500000000
4600000000
4700000000
4800000000
4900000000
5000000000
5100000000
5200000000
5300000000
5400000000
5500000000
5600000000
5700000000
5800000000
5900000000
6000000000
6100000000
6200000000
6300000000
6400000000
6500000000
6600000000
6700000000
6800000000
6900000000
7000000000
7100000000
7200000000
7300000000
7400000000
7500000000
7600000000
7700000000
7800000000
7900000000
8000000000
8100000000
8200000000
8300000000
8400000000
8500000000
8600000000
8700000000
8800000000
8900000000
9000000000
9100000000
9200000000
9300000000
9400000000
9500000000
9600000000
9700000000
9800000000
9900000000
10000000000
10100000000
10200000000
10300000000
10400000000
10500000000
10600000000
10700000000
10800000000
10900000000
11000000000
11100000000
11200000000
11300000000
11400000000
11500000000
11600000000
11700000000
11800000000
11900000000
12000000000
12100000000
12200000000
12300000000
12400000000
12500000000
12600000000
12700000000
12800000000
12900000000
13000000000
13100000000
13200000000
13300000000
13400000000
13500000000
13600000000
13700000000
13800000000
13900000000
14000000000
14100000000
14200000000
14300000000
14400000000
14500000000
14600000000
14700000000
14800000000
14900000000
15000000000
15100000000
15200000000
15300000000
15400000000
15500000000
15600000000
15700000000
15800000000
15900000000
16000000000
16100000000
16200000000
16300000000
16400000000
16500000000
16600000000
16700000000
16800000000
16900000000
17000000000
17100000000
17200000000
17300000000
17400000000
17500000000
17600000000
17700000000
17800000000
17900000000
18000000000
18100000000
18200000000
18300000000
18400000000
18500000000
18600000000
18700000000
18800000000
18900000000
19000000000
19100000000
19200000000
19300000000
19400000000
19500000000
19600000000
19700000000
19800000000
19900000000
20000000000
20100000000
20200000000
20300000000
20400000000
20500000000
20600000000
20700000000
20800000000
20900000000
21000000000
21100000000
21200000000
21300000000
21400000000
21500000000
21600000000
21700000000
21800000000
21900000000
22000000000
22100000000
22200000000
22300000000
22400000000
22500000000
22600000000
22700000000
22800000000
22900000000
23000000000
23100000000
23200000000
23300000000
23400000000
23500000000
23600000000
23700000000
23800000000
23900000000
24000000000
24100000000
24200000000
24300000000
24400000000
24500000000
24600000000
24700000000
24800000000
24900000000
25000000000
25100000000
25200000000
25300000000
25400000000
25500000000
25600000000
25700000000
25800000000
25900000000
26000000000
26100000000
26200000000
26300000000
26400000000
26500000000
26600000000
26700000000
26800000000
26900000000
27000000000
27100000000
27200000000
27300000000
27400000000
27500000000
27600000000
27700000000
27800000000
27900000000
28000000000
28100000000
28200000000
28300000000
28400000000
28500000000
28600000000
28700000000
28800000000
28900000000
29000000000
29100000000
29200000000
29300000000
29400000000
29500000000
29600000000
29700000000
29800000000
29900000000
30000000000
30100000000
30200000000
30300000000
30400000000
30500000000
30600000000
30700000000
30800000000
30900000000
31000000000
31100000000
31200000000
31300000000
31400000000
31500000000
31600000000
31700000000
31800000000
31900000000
32000000000
32100000000
32200000000
32300000000
32400000000
32500000000
32600000000
32700000000
32800000000
32900000000
33000000000
33100000000
33200000000
33300000000
33400000000
33500000000
33600000000
33700000000
33800000000
33900000000
34000000000
34100000000
34200000000
34300000000
34400000000
34500000000
34600000000
34700000000
34800000000
34900000000
35000000000
35100000000
35200000000
35300000000
35400000000
35500000000
35600000000
35700000000
35800000000
35900000000
36000000000
36100000000
36200000000
36300000000
36400000000
36500000000
36600000000
36700000000
36800000000
36900000000
37000000000
37100000000
37200000000
37300000000
37400000000
37500000000
37600000000
37700000000
37800000000
37900000000
38000000000
38100000000
38200000000
38300000000
38400000000
38500000000
38600000000
38700000000
38800000000
38900000000
39000000000
39100000000
39200000000
39300000000
39400000000
39500000000
39600000000
39700000000
39800000000
39900000000
40000000000
40100000000
40200000000
40300000000
40400000000
40500000000
40600000000
40700000000
40800000000
40900000000
41000000000
41100000000
41200000000
41300000000
41400000000
41500000000
41600000000
41700000000
41800000000
41900000000
42000000000
42100000000
42200000000
42300000000
42400000000
42500000000
42600000000
42700000000
42800000000
42900000000
43000000000
43100000000
43200000000
43300000000
43400000000
43500000000
43600000000
43700000000
43800000000
43900000000
44000000000
44100000000
44200000000
44300000000
44400000000
44500000000
44600000000
44700000000
44800000000
44900000000
45000000000
45100000000
45200000000
45300000000
45400000000
45500000000
45600000000
45700000000
45800000000
45900000000
46000000000
46100000000
46200000000
46300000000
46400000000
46500000000
46600000000
46700000000
46800000000
46900000000
47000000000
47100000000
47200000000
47300000000
47400000000
47500000000
47600000000
47700000000
47800000000
47900000000
48000000000
48100000000
48200000000
48300000000
48400000000
48500000000
48600000000
48700000000
48800000000
48900000000
49000000000
49100000000
49200000000
49300000000
49400000000
49500000000
49600000000
49700000000
49800000000
49900000000
50000000000
50100000000
50200000000
50300000000
50400000000
50500000000
50600000000
50700000000
50800000000
50900000000
51000000000
51100000000
51200000000
51300000000
51400000000
51500000000
51600000000
51700000000
51800000000
51900000000
52000000000
52100000000
52200000000
52300000000
52400000000
52500000000
52600000000
52700000000
52800000000
52900000000
53000000000
53100000000
53200000000
53300000000
53400000000
53500000000
53600000000
53700000000
53800000000
53900000000
54000000000
54100000000
54200000000
54300000000
54400000000
54500000000
54600000000
54700000000
54800000000
54900000000
55000000000
55100000000
55200000000
55300000000
55400000000
55500000000
55600000000
55700000000
55800000000
55900000000
56000000000
56100000000
56200000000
56300000000
56400000000
56500000000
56600000000
56700000000
56800000000
56900000000
57000000000
57100000000
57200000000
57300000000
57400000000
57500000000
57600000000
57700000000
57800000000
57900000000
58000000000
58100000000
58200000000
58300000000
58400000000
58500000000
58600000000
58700000000
58800000000
58900000000
59000000000
59100000000
59200000000
59300000000
59400000000
59500000000
59600000000
59700000000
59800000000
59900000000
60000000000
60100000000
60200000000
60300000000
60400000000
60500000000
60600000000
60700000000
60800000000
60900000000
61000000000
61100000000
61200000000
61300000000
61400000000
61500000000
61600000000
61700000000
61800000000
61900000000
62000000000
62100000000
62200000000
62300000000
62400000000
62500000000
62600000000
62700000000
62800000000
62900000000
63000000000
63100000000
63200000000
63300000000
63400000000
63500000000
63600000000
63700000000
63800000000
63900000000
64000000000
64100000000
64200000000
64300000000
64400000000
64500000000
64600000000
64700000000
64800000000
64900000000
65000000000
65100000000
65200000000
65300000000
65400000000
65500000000
65600000000
65700000000
65800000000
65900000000
66000000000
66100000000
66200000000
66300000000
66400000000
66500000000
66600000000
66700000000
66800000000
66900000000
67000000000
67100000000
67200000000
67300000000
67400000000
67500000000
67600000000
67700000000
67800000000
67900000000
68000000000
68100000000
68200000000
68300000000
68400000000
68500000000
68600000000
68700000000
68800000000
68900000000
69000000000
69100000000
69200000000
69300000000
69400000000
69500000000
69600000000
69700000000
69800000000
69900000000
70000000000
70100000000
70200000000
70300000000
70400000000
70500000000
70600000000
70700000000
70800000000
70900000000
71000000000
71100000000
71200000000
71300000000
71400000000
71500000000
71600000000
71700000000
71800000000
71900000000
72000000000
72100000000
72200000000
72300000000
72400000000
72500000000
72600000000
72700000000
72800000000
72900000000
73000000000
73100000000
73200000000
73300000000
73400000000
73500000000
73600000000
73700000000
73800000000
73900000000
74000000000
74100000000
74200000000
74300000000
74400000000
74500000000
74600000000
74700000000
74800000000
74900000000
75000000000
75100000000
75200000000
75300000000
75400000000
75500000000
75600000000
75700000000
75800000000
75900000000
76000000000
76100000000
76200000000
76300000000
76400000000
76500000000
76600000000
76700000000
76800000000
76900000000
77000000000
77100000000
77200000000
77300000000
77400000000
77500000000
77600000000
77700000000
77800000000
77900000000
78000000000
78100000000
78200000000
78300000000
78400000000
78500000000
78600000000
78700000000
78800000000
78900000000
79000000000
79100000000
79200000000
79300000000
79400000000
79500000000
79600000000
79700000000
79800000000
79900000000
80000000000
80100000000
80200000000
80300000000
80400000000
80500000000
80600000000
80700000000
80800000000
80900000000
81000000000
81100000000
81200000000
81300000000
81400000000
81500000000
81600000000
81700000000
81800000000
81900000000
82000000000
82100000000
82200000000
82300000000
82400000000
82500000000
82600000000
82700000000
82800000000
82900000000
83000000000
83100000000
83200000000
83300000000
83400000000
83500000000
83600000000
83700000000
83800000000
83900000000
84000000000
84100000000
84200000000
84300000000
84400000000
84500000000
84600000000
84700000000
84800000000
84900000000
85000000000
85100000000
85200000000
85300000000
85400000000
85500000000
85600000000
85700000000
85800000000
85900000000
86000000000
86100000000
86200000000
86300000000
86400000000
86500000000
86600000000
86700000000
86800000000
86900000000
87000000000
87100000000
87200000000
87300000000
87400000000
87500000000
87600000000
87700000000
87800000000
87900000000
88000000000
88100000000
88200000000
88300000000
88400000000
88500000000
88600000000
88700000000
88800000000
88900000000
89000000000
89100000000
89200000000
89300000000
89400000000
89500000000
89600000000
89700000000
89800000000
89900000000
90000000000
90100000000
90200000000
90300000000
90400000000
90500000000
90600000000
90700000000
90800000000
90900000000
91000000000
91100000000
91200000000
91300000000
91400000000
91500000000
91600000000
91700000000
91800000000
91900000000
92000000000
92100000000
92200000000
92300000000
92400000000
92500000000
92600000000
92700000000
92800000000
92900000000
93000000000
93100000000
93200000000
93300000000
93400000000
93500000000
93600000000
93700000000
93800000000
93900000000
94000000000
94100000000
94200000000
94300000000
94400000000
94500000000
94600000000
94700000000
94800000000
94900000000
95000000000
95100000000
95200000000
95300000000
95400000000
95500000000
95600000000
95700000000
95800000000
95900000000
96000000000
96100000000
96200000000
96300000000
96400000000
96500000000
96600000000
96700000000
96800000000
96900000000
97000000000
97100000000
97200000000
97300000000
97400000000
97500000000
97600000000
97700000000
97800000000
97900000000
98000000000
98100000000
98200000000
98300000000
98400000000
98500000000
98600000000
98700000000
98800000000
98900000000
99000000000
99100000000
99200000000
99300000000
99400000000
99500000000
99600000000
99700000000
99800000000
99900000000
100000000000
100100000000
100200000000
100300000000
100400000000
100500000000
100600000000
100700000000
100800000000
100900000000
101000000000
101100000000
101200000000
101300000000
101400000000
101500000000
101600000000
101700000000
101800000000
101900000000
102000000000
102100000000
102200000000
102300000000
102400000000
102500000000
102600000000
102700000000
102800000000
102900000000
103000000000
103100000000
103200000000
103300000000
103400000000
103500000000
103600000000
103700000000
103800000000
103900000000
104000000000
104100000000
104200000000
104300000000
104400000000
104500000000
104600000000
104700000000
104800000000
104900000000
105000000000
105100000000
105200000000
105300000000
105400000000
105500000000
105600000000
105700000000
105800000000
105900000000
106000000000
106100000000
106200000000
106300000000
106400000000
106500000000
106600000000
106700000000
106800000000
106900000000
107000000000
107100000000
107200000000
107300000000
107400000000
107500000000
107600000000
107700000000
107800000000
107900000000
108000000000
108100000000
108200000000
108300000000
108400000000
108500000000
108600000000
108700000000
108800000000
108900000000
109000000000
109100000000
109200000000
109300000000
109400000000
109500000000
109600000000
109700000000
109800000000
109900000000
110000000000
110100000000
110200000000
110300000000
110400000000
110500000000
110600000000
110700000000
110800000000
110900000000
111000000000
111100000000
111200000000
111300000000
111400000000
111500000000
111600000000
111700000000
111800000000
111900000000
112000000000
112100000000
112200000000
112300000000
112400000000
112500000000
112600000000
112700000000
112800000000
112900000000
113000000000
113100000000
113200000000
113300000000
113400000000
113500000000
113600000000
113700000000
113800000000
113900000000
114000000000
114100000000
114200000000
114300000000
114400000000
114500000000
114600000000
114700000000
114800000000
114900000000
115000000000
115100000000
115200000000
115300000000
115400000000
115500000000
115600000000
115700000000
115800000000
115900000000
116000000000
116100000000
116200000000
116300000000
116400000000
116500000000
116600000000
116700000000
116800000000
116900000000
117000000000
117100000000
117200000000
117300000000
117400000000
117500000000
117600000000
117700000000
117800000000
117900000000
118000000000
118100000000
118200000000
118300000000
118400000000
118500000000
118600000000
118700000000
118800000000
118900000000
119000000000
119100000000
119200000000
119300000000
119400000000
119500000000
119600000000
119700000000
119800000000
119900000000
120000000000
120100000000
120200000000
120300000000
120400000000
120500000000
120600000000
120700000000
120800000000
120900000000
121000000000
121100000000
121200000000
121300000000
121400000000
121500000000
121600000000
121700000000
121800000000
121900000000
122000000000
122100000000
122200000000
122300000000
122400000000
122500000000
122600000000
122700000000
122800000000
122900000000
123000000000
123100000000
123200000000
123300000000
123400000000
123500000000
123600000000
123700000000
123800000000
123900000000
124000000000
124100000000
124200000000
124300000000
124400000000
124500000000
124600000000
124700000000
124800000000
124900000000
125000000000
125100000000
125200000000
125300000000
125400000000
125500000000
125600000000
125700000000
125800000000
125900000000
126000000000
126100000000
126200000000
126300000000
126400000000
126500000000
126600000000
126700000000
126800000000
126900000000
127000000000
127100000000
127200000000
127300000000
127400000000
127500000000
127600000000
127700000000
127800000000
127900000000
128000000000
128100000000
128200000000
128300000000
128400000000
128500000000
128600000000
128700000000
128800000000
128900000000
129000000000
129100000000
129200000000
129300000000
129400000000
129500000000
129600000000
129700000000
129800000000
129900000000
130000000000
130100000000
130200000000
130300000000
130400000000
130500000000
130600000000
130700000000
130800000000
130900000000
131000000000
131100000000
131200000000
131300000000
131400000000
131500000000
131600000000
131700000000
131800000000
131900000000
132000000000
132100000000
132200000000
132300000000
132400000000
132500000000
132600000000
132700000000
132800000000
132900000000
133000000000
133100000000
133200000000
133300000000
133400000000
133500000000
133600000000
133700000000
133800000000
133900000000
134000000000
134100000000
134200000000
134300000000
134400000000
134500000000
134600000000
134700000000
134800000000
134900000000
135000000000
135100000000
135200000000
135300000000
135400000000
135500000000
135600000000
135700000000
135800000000
135900000000
136000000000
136100000000
136200000000
136300000000
136400000000
136500000000
136600000000
136700000000
136800000000
136900000000
137000000000
137100000000
137200000000
137300000000
137400000000
137500000000
137600000000
137700000000
137800000000
137900000000
138000000000
138100000000
138200000000
138300000000
138400000000
138500000000
138600000000
138700000000
138800000000
138900000000
139000000000
139100000000
139200000000
139300000000
139400000000
139500000000
139600000000
139700000000
139800000000
139900000000
140000000000
140100000000
140200000000
140300000000
140400000000
140500000000
140600000000
140700000000
140800000000
140900000000
141000000000
141100000000
141200000000
141300000000
141400000000
141500000000
141600000000
141700000000
141800000000
141900000000
142000000000
142100000000
142200000000
142300000000
142400000000
142500000000
142600000000
142700000000
142800000000
142900000000
143000000000
143100000000
143200000000
143300000000
143400000000
143500000000
143600000000
143700000000
143800000000
143900000000
144000000000
144100000000
144200000000
144300000000
144400000000
144500000000
144600000000
144700000000
144800000000
144900000000
145000000000
145100000000
145200000000
145300000000
145400000000
145500000000
145600000000
145700000000
145800000000
145900000000
146000000000
146100000000
146200000000
146300000000
146400000000
146500000000
146600000000
146700000000
146800000000
146900000000
147000000000
147100000000
147200000000
147300000000
147400000000
147500000000
147600000000
147700000000
147800000000
147900000000
148000000000
148100000000
148200000000
148300000000
148400000000
148500000000
148600000000
148700000000
148800000000
148900000000
149000000000
149100000000
149200000000
149300000000
149400000000
149500000000
149600000000
149700000000
149800000000
149900000000
150000000000
150100000000
150200000000
150300000000
150400000000
150500000000
150600000000
150700000000
150800000000
150900000000
151000000000
151100000000
151200000000
151300000000
151400000000
151500000000
151600000000
151700000000
151800000000
151900000000
152000000000
152100000000
152200000000
152300000000
152400000000
152500000000
152600000000
152700000000
152800000000
152900000000
153000000000
153100000000
153200000000
153300000000
153400000000
153500000000
153600000000
153700000000
153800000000
153900000000
154000000000
154100000000
154200000000
154300000000
154400000000
154500000000
154600000000
154700000000
154800000000
154900000000
155000000000
155100000000
155200000000
155300000000
155400000000
155500000000
155600000000
155700000000
155800000000
155900000000
156000000000
156100000000
156200000000
156300000000
156400000000
156500000000
156600000000
156700000000
156800000000
156900000000
157000000000
157100000000
157200000000
157300000000
157400000000
157500000000
157600000000
157700000000
157800000000
157900000000
158000000000
158100000000
158200000000
158300000000
158400000000
158500000000
158600000000
158700000000
158800000000
158900000000
159000000000
159100000000
159200000000
159300000000
159400000000
159500000000
159600000000
159700000000
159800000000
159900000000
160000000000
160100000000
160200000000
160300000000
160400000000
160500000000
160600000000
160700000000
160800000000
160900000000
161000000000
161100000000
161200000000
161300000000
161400000000
161500000000
161600000000
161700000000
161800000000
161900000000
162000000000
162100000000
162200000000
162300000000
162400000000
162500000000
162600000000
162700000000
162800000000
162900000000
163000000000
163100000000
163200000000
163300000000
163400000000
163500000000
163600000000
163700000000
163800000000
163900000000
164000000000
164100000000
164200000000
164300000000
164400000000
164500000000
164600000000
164700000000
164800000000
164900000000
165000000000
165100000000
165200000000
165300000000
165400000000
165500000000
165600000000
165700000000
165800000000
165900000000
166000000000
166100000000
166200000000
166300000000
166400000000
166500000000
166600000000
166700000000
166800000000
166900000000
167000000000
167100000000
167200000000
167300000000
167400000000
167500000000
167600000000
167700000000
167800000000
167900000000
168000000000
168100000000
168200000000
168300000000
168400000000
168500000000
168600000000
168700000000
168800000000
168900000000
169000000000
169100000000
169200000000
169300000000
169400000000
169500000000
169600000000
169700000000
169800000000
169900000000
170000000000
170100000000
170200000000
170300000000
170400000000
170500000000
170600000000
170700000000
170800000000
170900000000
171000000000
171100000000
171200000000
171300000000
171400000000
171500000000
171600000000
171700000000
171800000000
171900000000
172000000000
172100000000
172200000000
172300000000
172400000000
172500000000
172600000000
172700000000
172800000000
172900000000
173000000000
173100000000
173200000000
173300000000
173400000000
173500000000
173600000000
173700000000
173800000000
173900000000
174000000000
174100000000
174200000000
174300000000
174400000000
174500000000
174600000000
174700000000
174800000000
174900000000
175000000000
175100000000
175200000000
175300000000
175400000000
175500000000
175600000000
175700000000
175800000000
175900000000
176000000000
176100000000
176200000000
176300000000
176400000000
176500000000
176600000000
176700000000
176800000000
176900000000
177000000000
177100000000
177200000000
177300000000
177400000000
177500000000
177600000000
177700000000
177800000000
177900000000
178000000000
178100000000
178200000000
178300000000
178400000000
178500000000
178600000000
178700000000
178800000000
178900000000
179000000000
179100000000
179200000000
179300000000
179400000000
179500000000
179600000000
179700000000
179800000000
179900000000
180000000000
180100000000
180200000000
180300000000
180400000000
180500000000
180600000000
180700000000
180800000000
180900000000
181000000000
181100000000
181200000000
181300000000
181400000000
181500000000
181600000000
181700000000
181800000000
181900000000
182000000000
182100000000
182200000000
182300000000
182400000000
182500000000
182600000000
182700000000
182800000000
182900000000
183000000000
183100000000
183200000000
183300000000
183400000000
183500000000
183600000000
183700000000
183800000000
183900000000
184000000000
184100000000
184200000000
184300000000
184400000000
184500000000
184600000000
184700000000
184800000000
184900000000
185000000000
185100000000
185200000000
185300000000
185400000000
185500000000
185600000000
185700000000
185800000000
185900000000
186000000000
186100000000
186200000000
186300000000
186400000000
186500000000
186600000000
186700000000
186800000000
186900000000
187000000000
187100000000
187200000000
187300000000
187400000000
187500000000
187600000000
187700000000
187800000000
187900000000
188000000000
188100000000
188200000000
188300000000
188400000000
188500000000
188600000000
188700000000
188800000000
188900000000
189000000000
189100000000
189200000000
189300000000
189400000000
189500000000
189600000000
189700000000
189800000000
189900000000
190000000000
190100000000
190200000000
190300000000
190400000000
190500000000
190600000000
190700000000
190800000000
190900000000
191000000000
191100000000
191200000000
191300000000
191400000000
191500000000
191600000000
191700000000
191800000000
191900000000
192000000000
192100000000
192200000000
192300000000
192400000000
192500000000
192600000000
192700000000
192800000000
192900000000
193000000000
193100000000
193200000000
193300000000
193400000000
193500000000
193600000000
193700000000
193800000000
193900000000
194000000000
194100000000
194200000000
194300000000
194400000000
194500000000
194600000000
194700000000
194800000000
194900000000
195000000000
195100000000
195200000000
195300000000
195400000000
195500000000
195600000000
195700000000
195800000000
195900000000
196000000000
196100000000
196200000000
196300000000
196400000000
196500000000
196600000000
196700000000
196800000000
196900000000
197000000000
197100000000
197200000000
197300000000
197400000000
197500000000
197600000000
197700000000
197800000000
197900000000
198000000000
198100000000
198200000000
198300000000
198400000000
198500000000
198600000000
198700000000
198800000000
198900000000
199000000000
199100000000
199200000000
199300000000
199400000000
199500000000
199600000000
199700000000
199800000000
199900000000
200000000000
200100000000
200200000000
200300000000
200400000000
200500000000
200600000000
200700000000
200800000000
200900000000
201000000000
201100000000
201200000000
201300000000
201400000000
201500000000
201600000000
201700000000
201800000000
201900000000
202000000000
202100000000
202200000000
202300000000
202400000000
202500000000
202600000000
202700000000
202800000000
202900000000
203000000000
203100000000
203200000000
203300000000
203400000000
203500000000
203600000000
203700000000
203800000000
203900000000
204000000000
204100000000
204200000000
204300000000
204400000000
204500000000
204600000000
204700000000
204800000000
204900000000
205000000000
205100000000
205200000000
205300000000
205400000000
205500000000
205600000000
205700000000
205800000000
205900000000
206000000000
206100000000
206200000000
206300000000
206400000000
206500000000
206600000000
206700000000
206800000000
206900000000
207000000000
207100000000
207200000000
207300000000
207400000000
207500000000
207600000000
207700000000
207800000000
207900000000
208000000000
208100000000
208200000000
208300000000
208400000000
208500000000
208600000000
208700000000
208800000000
208900000000
209000000000
209100000000
209200000000
209300000000
209400000000
209500000000
209600000000
209700000000
209800000000
209900000000
210000000000
210100000000
210200000000
210300000000
210400000000
210500000000
210600000000
210700000000
210800000000
210900000000
211000000000
211100000000
211200000000
211300000000
211400000000
211500000000
211600000000
211700000000
211800000000
211900000000
212000000000
